479278636
505113911
294006585
817032472
257629556
51927479
1011709941
838703822
113562759
292008163
36090721
128842403
47559168
642536350
475020901
923880881
860163452
226997244
1021950061
360524083
136887415
107815195
119898853
506191673
169488802
642851344
492093589
963514899
1025806143
513501009
476753169
490070635
773479191
897640456
101163306
303522115
100908789
414020606
971986347
739452161
507263012
332317659
19005790
826126958
996380877
104948418
97506055
946600813
519038100
712114620
645056083
615842053
436711429
319948439
163138460
280815971
135884340
523658769
732416098
950601804
642868948
905148799
893599420
799669435
63658282
683890133
463177627
558907357
937544004
558675563
785256537
983340604
126680346
150294873
775586155
638572320
754657029
241627721
855414672
294700026
261756193
481825856
289938517
560646566
954594822
199002292
567233993
632830521
945837404
596936132
1047573004
566570277
202563548
1008665104
308090264
230284367
1003986149
982461584
557804359
221760633
