24
7884922 megalusion 4 2180 0 88 1141
7884988 megalusion 4 9424 124 3 1395
7885291 junodeveloper 4 2144 0 88 1146
7885327 doju 4 1312 0 49 756
7886288 moonrabbit2 4 2372 0 88 1247
7886486 koosaga 11 0 0 84 1452
7886490 koosaga 4 2300 0 84 1423
7886858 yclock 4 2224 0 49 911
7888812 seok9311 6 1116 0 1 1049
7888907 seok9311 6 1116 0 1 1050
7888917 seok9311 7 1116 1000 1 888
7889119 seok9311 6 1116 508 1 1033
7889125 seok9311 6 1116 0 1 1052
7889184 seok9311 4 1120 0 1 2245
7895033 jinsub8682 4 9576 120 3 1326
7898896 khj94811 4 1988 0 88 1585
7901927 rkm0959 4 2424 0 88 2318
7908183 woong10sae 6 2068 0 88 1454
7908251 woong10sae 6 2860 4 88 1610
7908353 woong10sae 4 2044 0 88 829
7931699 y305205 6 29656 64 28 340
7931803 y305205 6 29656 68 28 341
7945503 chogahui05 4 1384 0 0 361848
7951273 subinium 4 1116 0 49 527
