45
7786805 megalusion 4 39328 424 88 2802
7787032 megalusion 4 97920 752 88 2955
7848292 jwvg0425 4 39252 400 88 2802
7853562 smu201111192 6 67676 48 49 3136
7853604 smu201111192 6 65860 216 49 3152
7853625 onjo0127 6 12100 76 49 1867
7853662 smu201111192 4 65860 464 49 3110
7853677 onjo0127 4 34144 484 49 1881
7855282 y2k2 6 2092 8 88 649
7855328 y2k2 6 2092 8 88 651
7855589 whoru 6 10332 44 12 883
7855639 bh_17 7 47240 12000 28 403
7855640 bh_17 7 240816 12000 73 403
7855652 headkn 8 262268 276 88 1163
7855742 headkn 7 160200 2000 88 1156
7855814 august14 4 85184 68 88 1158
7855852 khsoo01 4 10776 80 49 802
7855917 whoru 6 10332 48 12 1380
7855989 whoru 6 13840 52 12 1430
7855996 y2k2 6 2092 12 88 661
7856081 whoru 6 8956 52 12 1458
7856134 whoru 6 9212 80 12 1509
7856145 whoru 6 10332 48 12 1505
7856201 whoru 6 9212 80 12 1603
7856208 whoru 6 13312 48 12 1599
7856436 whoru 6 16144 48 12 1710
7856587 qkqkfo 6 4880 32 88 572
7856678 qkqkfo 6 4880 36 88 583
7856725 nevergiveup936 7 430096 7000 3 1190
7856850 tlwpdus 6 117628 420 49 3197
7856877 tlwpdus 4 117628 608 49 3238
7859281 myungwoo 6 85972 80 49 1002
7859301 myungwoo 4 85972 80 49 1014
7859440 doju 4 7952 16 49 1243
7861554 dbflwla 6 11760 72 49 744
7861696 dbflwla 6 11760 76 49 751
7865485 jh05013 6 204180 252 32 1181
7865517 jh05013 4 260576 632 32 1202
7865536 yclock 6 36464 404 49 1397
7866132 yclock 4 36464 388 49 1411
7882931 jwvg0425 4 120988 168 88 2604
7883041 jwvg0425 6 128796 112 88 2517
7883053 jwvg0425 6 128796 160 88 2526
7883055 jwvg0425 6 128800 120 88 2578
7883128 jwvg0425 4 128796 148 88 2619
