23
7736757 megalusion 4 5792 4 88 1673
7737007 junodeveloper 4 5984 4 88 544
7738353 jh05013 4 64744 1076 28 306
7740562 kks227 4 5032 16 84 550
7740651 portableangel 4 5064 24 49 618
7746734 zych1751 7 5916 2000 49 554
7746737 zych1751 4 5916 16 49 588
7793275 kesakiyo 4 5136 28 49 827
7825114 jason9319 4 5972 16 49 606
7854814 worn1215 6 10372 132 3 804
7854828 worn1215 9 46144 1808 3 934
7854829 worn1215 6 8716 128 3 796
7854840 worn1215 4 13552 148 3 802
7859465 ljg9574 4 9544 120 3 1049
7871836 jjim9417 11 0 0 1 826
7871840 jjim9417 6 2968 4 1 847
7871902 jjim9417 4 5904 4 1 846
7889581 ntopia 4 5900 4 84 703
7896433 iljimae 7 10108 2000 88 877
7896434 iljimae 4 9704 4 88 2044
7902462 cheetose 4 5900 16 49 2095
7909935 cpp05013 4 5932 4 88 747
7936103 dotorya 4 6296 4 88 1630
